40 10
655 115 26 760 282 251 229 143 755 105
693 759 914 559 90 605 433 33 31 96
224 239 518 617 28 575 204 734 666 719
559 430 226 460 604 285 829 891 7 778
826 164 715 433 349 285 160 221 981 782
345 105 95 390 100 368 868 353 619 271
827 45 748 471 550 128 997 945 388 81
566 301 850 644 634 907 883 371 592 197
722 72 47 678 234 792 297 82 876 239
888 104 390 285 465 651 855 374 167 380
364 215 687 274 719 960 700 664 74 624
651 176 547 747 251 168 474 389 277 948
656 705 571 225 702 333 864 787 795 58
235 842 33 825 324 411 275 68 217 936
966 581 898 736 323 218 672 512 406 906
937 659 470 147 272 143 253 763 575 552
270 765 599 439 920 598 409 371 225 142
522 506 94 774 49 882 113 157 643 164
812 697 433 611 66 395 391 611 480 542
258 995 567 882 966 12 697 739 118 699
907 550 769 274 788 657 349 115 301 446
162 465 4 977 740 897 737 270 996 513
781 183 520 935 109 892 641 306 862 655
520 624 204 157 383 781 166 553 977 798
945 544 941 1 614 332 501 20 115 952
372 900 852 827 315 246 60 247 900 581
970 81 88 750 498 836 71 779 546 785
129 132 676 487 970 563 170 272 541 894
622 434 988 217 952 553 774 748 707 206
731 320 409 688 666 383 449 922 530 463
124 254 231 66 347 22 603 568 236 603
226 8 73 725 647 61 235 70 928 33
881 339 73 527 244 286 686 498 220 553
136 741 958 904 585 591 485 249 804 485
827 417 195 97 100 675 442 363 434 421
479 885 747 56 690 670 662 101 63 413
746 348 820 883 112 255 197 195 550 460
144 433 188 286 474 256 896 946 78 454
828 883 877 564 101 52 668 554 857 16
993 96 949 772 870 243 171 417 498 493
0 0